1 0 2 1 0 4 5 7 8 3 4 2 3 4 5 1 0 9 4 5 9 2 0 9 3 5 7 8 2 4
1 0 2 1 0 4 5 7 8 3 4 2 3 4 5 1 0 9 4 5 9 2 0 9 3 5 7 8 2 4
1 0 2 1 0 4 5 7 8 3 4 2 3 4 5 1 0 9 4 5 9 2 0 9 3 5 7 8 2 4
1 0 2 1 0 4 5 7 8 3 4 2 3 4 5 1 0 9 4 5 9 2 0 9 3 5 7 8 2 4
1 0 2 1 0 4 5 7 8 3 4 2 3 4 5 1 0 9 4 5 9 2 0 9 3 5 7 8 2 4
1 0 2 1 0 4 5 7 8 3 4 2 3 4 5 1 0 9 4 5 9 2 0 9 3 5 7 8 2 4
1 0 2 1 0 4 5 7 8 3 4 2 3 4 5 1 0 9 4 5 9 2 0 9 3 5 7 8 2 4
1 0 2 1 0 4 5 7 8 3 4 2 3 4 5 1 0 9 4 5 9 2 0 9 3 5 7 8 2 4
1 0 2 1 0 4 5 7 8 3 4 2 3 4 5 1 0 9 4 5 9 2 0 9 3 5 7 8 2 4
1 0 2 1 0 4 5 7 8 3 4 2 3 4 5 1 0 9 4 5 9 2 0 9 3 5 7 8 2 4
1 0 2 1 0 4 5 7 8 3 4 2 3 4 5 1 0 9 4 5 9 2 0 9 3 5 7 8 2 4
1 0 2 1 0 4 5 7 8 3 4 2 3 4 5 1 0 9 4 5 9 2 0 9 3 5 7 8 2 4
1 0 2 1 0 4 5 7 8 3 4 2 3 4 5 1 0 9 4 5 9 2 0 9 3 5 7 8 2 4
1 0 2 1 0 4 5 7 8 3 4 2 3 4 5 1 0 9 4 5 9 2 0 9 3 5 7 8 2 4
1 0 2 1 0 4 5 7 8 3 4 2 3 4 5 1 0 9 4 5 9 2 0 9 3 5 7 8 2 4
1 0 2 1 0 4 5 7 8 3 4 2 3 4 5 1 0 9 4 5 9 2 0 9 3 5 7 8 2 4
1 0 2 1 0 4 5 7 8 3 4 2 3 4 5 1 0 9 4 5 9 2 0 9 3 5 7 8 2 4
1 0 2 1 0 4 5 7 8 3 4 2 3 4 5 1 0 9 4 5 9 2 0 9 3 5 7 8 2 4
1 0 2 1 0 4 5 7 8 3 4 2 3 4 5 1 0 9 4 5 9 2 0 9 3 5 7 8 2 4
1 0 2 1 0 4 5 7 8 3 4 2 3 4 5 1 0 9 4 5 9 2 0 9 3 5 7 8 2 4
